image: /home/rac/catkin_ws/src/htbot/maps/docmap_22Feb21C.pgm
resolution: 0.050000
origin: [-34.000000, -22.800000, 0.000000]
negate: 0
occupied_thresh: 0.65
free_thresh: 0.196

