image: /home/rac/catkin_ws/src/htbot/maps/docmap_26Apr21_Level3.pgm
resolution: 0.050000
origin: [-37.200000, -22.800000, 0.000000]
negate: 0
occupied_thresh: 0.65
free_thresh: 0.196

