image: /home/rac/catkin_ws/src/htbot/maps/docmap_26Apr21_level1.pgm
resolution: 0.050000
origin: [-35.600000, -32.400000, 0.000000]
negate: 0
occupied_thresh: 0.65
free_thresh: 0.196

